batch_size = 65536
cyclic = true
ddp_config.rank = 0
ddp_config.world_size = 1
filtered = true
random_fen_skipping = 10
wld_filtered = true
early_fen_skipping = 28
simple_eval_skipping = 0
param_index = 0
pc_y1 = 0.6893201149773951
pc_y2 = 2.9285769485515805
pc_y3 = 1.4386005301749225
